
spin-spin : 1-1
  (-3.27844321734198085E-002,3.71880667750916630E-018)  (1.15819804103995137E-050,-4.45460785015365916E-052) (-5.43741172117077651E-041,-1.07440355856712374E-040)  (-5.56825981269207395E-053,1.67047794380762228E-052)  (-2.46546320211260721E-
040,5.64271128818412445E-040)   (3.11822549510756143E-050,3.38550196611678099E-050)  (-2.54406299111175661E-002,1.03925662971859139E-007)
   (3.56368628012292733E-051,1.78184314006146367E-051)  (4.24149543818241326E-002,-2.18875284593199188E-019) (-1.67047794380762228E-052,-3.34095588761524456E-052)   (1.84522981782291912E-041,3.60843696553402527E-041)  (-6.68191177523048912E-
052,3.90211369003679589E-052)  (2.94115732080207205E-040,-5.58501515941299092E-040) (-5.79099020519975684E-051,-3.56368628012292733E-051)
  (-5.43815908035175009E-041,1.07425408673092903E-040) (-1.11365196253841479E-052,-2.78412990634603698E-053)  (7.58441551261021252E-002,-8.42834462783168761E-020)  (-9.74445467221112872E-053,5.56825981269207395E-053)   (3.13442440500175082E-
041,7.25648396765963272E-041)  (8.90921570030731833E-052,-4.45460785015365916E-052)   (4.40017059787754692E-041,5.60823000397197184E-042)
  (1.11365196253841479E-052,-4.17619485951905570E-052)  (1.84551007751578408E-041,-3.60656856758159235E-041)         (3.25277159050958326E-054,0.0000000000000000)        (0.13465875331217220,1.22965580192312381E-018)  (8.35238971903811139E-0
53,-2.78412990634603698E-053)   (3.68658270989453915E-042,7.03078149500571509E-042)        (0.0000000000000000,-8.70040595733136480E-053)
 (-2.46516425844021819E-040,-5.64286076002031937E-040)  (2.22730392507682958E-052,-3.57103525106498090E-052)  (3.13573228356845382E-041,-7.26059444315498484E-041)         (3.76206423004614390E-053,0.0000000000000000)        (0.11185756339391
302,9.02714914409487548E-019)   (2.78412990634603688E-052,1.32246170551436758E-052)   (8.14761637107259430E-042,2.12147245509015122E-041)
  (3.02913333810448808E-050,-1.24729019804302448E-050)   (2.94190467998304502E-040,5.58546357492157486E-040)         (1.22501715879225629E-051,0.0000000000000000)  (3.68728335912670156E-042,-7.02844599756517331E-042)   (1.11365196253841479E-
052,1.11365196253841479E-052)        (0.12221732435620569,1.05034437936243260E-018)   (5.01143383142286684E-052,2.99293964932198967E-052)
 (-2.54406299111175661E-002,-1.03925662971180613E-007)  (-4.00914706513829347E-051,4.67733824266134238E-051)  (4.39951665859419568E-041,-5.60869710346008033E-042)         (0.0000000000000000,5.56825981269207395E-053)  (8.14621507260826948E-0
42,-2.12193955457825958E-041)   (7.16913450884104462E-052,6.68191177523048912E-052)        (0.11997865660515040,9.56766571594983294E-019)

spin-spin : 1-2
   (2.17510148933284139E-055,4.35020297866568278E-055)   (5.93652019601714157E-003,5.34110414126042135E-010)  (-1.61479534568070144E-051,1.00228676628457337E-051)   (9.34969690371923278E-042,1.85686059507681510E-041) (-1.11365196253841479E-0
52,-2.12289905358885319E-052)  (2.29714857256767262E-041,-5.26654672842077015E-041) (-1.44774755129993921E-051,-2.45003431758451258E-051)
  (2.40410267785726429E-044,-5.07897709022729237E-044)        (-2.61012178719940981E-054,0.0000000000000000)  (4.54262604366570746E-003,-5.93733983601893688E-010)  (2.61012178719940981E-054,-6.96032476586509244E-054) (-2.54347348762156995E-0
42,-4.52806243772159180E-042) (-8.35238971903811139E-053,-3.06654091377557238E-052)  (-1.73331278047217689E-041,3.07057190497734982E-041)
         (0.0000000000000000,5.43775372333210347E-056)  (2.47679503569411417E-043,-4.93957708674498018E-043) (-4.35020297866568278E-055,-6.52530446799852453E-055)   (3.37020629552496533E-003,4.48335004124330633E-010) (-1.30506089359970491E-0
54,-1.52257104253298886E-054) (-5.75793538991067334E-042,-1.30063852463748429E-041)   (5.56825981269207395E-053,3.96738511654310291E-052)
 (-1.68790779085625231E-043,-1.20062814517580225E-043) (-1.74008119146627311E-054,-6.96032476586509244E-054)  (-7.63853631647059106E-044,1.40319605599525679E-043)  (1.02410106841366871E-055,-1.08755074466642069E-055)   (5.07303313858015930E-
004,1.95038068785005027E-010)  (3.48016238293254611E-053,-2.08809742975952785E-053) (-6.47224728210024885E-043,-1.16865372552889062E-042)
  (1.04404871487976392E-053,-6.96032476586509244E-054)   (4.30864245318273129E-042,9.61477586322067777E-042)  (-3.48016238293254622E-054,3.48016238293254622E-054)  (-2.21054832747239893E-043,5.01781625100311553E-043) (-4.41602308390977153E-0
55,-3.26265223399926226E-055)   (1.56734623913752126E-003,3.32844552305687854E-010)  (-3.30615426378591894E-053,8.35238971903811139E-053)
  (5.30269045750176291E-007,-1.58563146074172058E-010)  (-5.56825981269207395E-053,2.08809742975952785E-053) (-4.36294276867531795E-042,-8.14247827670340288E-042) (-2.00109337018621403E-053,-1.39206495317301849E-053)  (7.77282741930171969E-0
45,-1.26718982223123106E-044)  (-4.35020297866568278E-055,2.61012178719940981E-054)   (8.68428393158386354E-004,3.61329655566667209E-010)
 (-2.36651042039413131E-052,-3.48016238293254611E-053)   (8.50195432087894856E-004,4.05346453572539213E-009)  (1.60087469614897123E-052,-1.53127144849032036E-052) (-1.06481167057882037E-042,-1.54018757774201111E-043)  (-1.74008119146627311E-
054,3.91518268079911472E-054)  (-7.11596876414946169E-044,1.68082831423961118E-043)        (0.0000000000000000,-8.70040595733136555E-055)

spin-spin : 2-1
        (0.0000000000000000,-5.09789411562384729E-056)   (2.40209560974429889E-044,5.07459803252627732E-044)  (2.17510148933284139E-055,-3.26265223399926226E-055)  (-1.68790779085625231E-043,1.20128500383095451E-043)   (7.39534506373166036E-
054,6.96032476586509244E-054)   (5.30269045750176291E-007,1.58563146074027740E-010)        (-2.64492341102873515E-052,0.0000000000000000)
  (5.93652019601713810E-003,-5.34110414067157939E-010)         (0.0000000000000000,2.08809742975952785E-053)   (2.47329178953330213E-043,4.94074483546525059E-043)   (1.74008119146627311E-054,1.74008119146627311E-054)  (4.30899277779881249E-0
42,-9.61197326629202814E-042) (-9.74445467221112872E-053,-4.17619485951905570E-053)  (8.50195432087894856E-004,-4.05346453564427218E-009)
 (-8.35238971903811139E-052,-1.11365196253841475E-051)   (4.54262604366570746E-003,5.93733983611547713E-010)  (-3.48016238293254622E-054,8.70040595733136555E-055) (-7.64145568827126809E-044,-1.40407186753545981E-043)  (-5.22024357439881962E-
054,1.21805683402639109E-053)  (-4.36329309329139915E-042,8.14037632900691565E-042)   (1.25285845785571671E-052,6.96032476586509221E-053)
  (9.35063110269544975E-042,-1.85639349558870674E-041)   (2.17510148933284132E-054,4.35020297866568263E-054)  (3.37020629552496533E-003,-4.48335003861592222E-010)   (1.74008119146627311E-054,4.35020297866568263E-054) (-2.21113220183253414E-0
43,-5.01664850228284511E-043)  (-6.96032476586509244E-054,1.39206495317301849E-053)  (-1.06460731455277295E-042,1.53865490754665584E-043)
   (1.11365196253841479E-052,1.77488281529559867E-052)  (-2.54452446146981356E-042,4.52596049002510458E-042)   (6.09028417013195545E-054,5.22024357439881962E-054)  (5.07303313858015713E-004,-1.95038068802058752E-010)        (0.00000000000000
00,-3.78589334415876109E-054)   (7.76826590086316151E-045,1.26919689034419621E-044)   (3.04514208506597773E-054,1.74008119146627311E-054)
   (2.29635450343788839E-041,5.26626646872790518E-041)  (-4.45460785015365916E-052,1.67047794380762228E-052)  (-5.75303084528553648E-042,1.30073194453510586E-041)   (4.87222733610556436E-053,1.39206495317301849E-053)  (1.56734623913752126E-0
03,-3.32844552294839897E-010)         (0.0000000000000000,2.61012178719940981E-054) (-7.09407347564438642E-044,-1.67805491102896844E-043)
  (-1.28069975691917698E-051,2.67276471009219565E-051) (-1.73284568098406879E-041,-3.07057190497734982E-041) (-8.35238971903811139E-053,-2.50571691571143342E-052)  (-6.47224728210024885E-043,1.16882888783693122E-042) (-6.17728822970526927E-0
53,-6.96032476586509221E-053)  (8.68428393158386571E-004,-3.61329655522585513E-010)  (1.30506089359970491E-054,-3.04514208506597773E-054)

spin-spin : 2-2
       (0.14506279847025191,-1.08877506860979741E-019) (-3.48016238293254611E-053,-3.13214614463929177E-053)   (5.78210778842027644E-043,1.07894143009409550E-042)  (-3.69767253186583018E-054,1.74008119146627311E-054)  (-5.99031738524453842E-
042,1.34407877703155362E-041)   (8.63080270967271412E-052,7.23873775649969605E-052)  (1.82065971621947259E-004,-8.20796649111006068E-009)
  (-7.65635724245160180E-053,2.52311772762609600E-053)       (0.14556571766934839,-1.05068949707222079E-019)  (5.43775372333210347E-056,-2.17510148933284139E-055)   (9.74719856809937235E-043,1.90506526224958881E-042)  (2.08809742975952785E-0
53,-4.17619485951905570E-053)  (2.02543680033509059E-041,-3.79294126333679302E-041) (-3.34095588761524456E-052,-1.94889093444222574E-052)
  (5.77685291917905837E-043,-1.07882465522206854E-042)        (-4.35020297866568263E-054,0.0000000000000000)        (0.14574586354933849,2.19899817482436460E-018)        (-1.08755074466642066E-054,0.0000000000000000) (-1.57949691903812276E-0
42,-3.14346278009664589E-042)  (6.96032476586509244E-054,-4.52421109781231003E-053)  (-5.57378141672398654E-042,1.27013692806401419E-041)
 (-2.17510148933284132E-054,-1.24055349142439367E-054)  (9.73844045269734224E-043,-1.90611623609783242E-042)  (-2.17510148933284132E-054,3.48016238293254622E-054)        (0.14584724666490656,2.19851597490846948E-018)         (6.2312350936887
5481E-055,0.0000000000000000)   (1.18287106619818621E-042,2.34332135696717535E-042)  (1.74008119146627311E-054,-1.30506089359970491E-054)
 (-5.99031738524453842E-042,-1.34417219692917519E-041)  (4.17619485951905570E-053,-6.96032476586509244E-054)  (-1.58060628032238002E-042,3.14346278009664589E-042)   (5.22024357439881962E-054,9.35293640413121772E-054)       (0.145899439982484
61,-1.11027641681014341E-019)         (8.70040595733136526E-054,0.0000000000000000)   (6.05419324024334456E-043,1.11893682376336643E-042)
  (6.96032476586509184E-052,-4.73302084078826263E-052)   (2.02618415951606366E-041,3.79368862251776609E-041)   (1.39206495317301849E-053,2.61012178719940981E-053)  (1.18374687773838922E-042,-2.34180328363082325E-042)  (1.74008119146627305E-0
53,-8.70040595733136555E-055)        (0.14568047182275953,2.20416730427651955E-018)  (1.13105277445307751E-053,-5.22024357439881962E-054)
   (1.82065971621947259E-004,8.20796649111174979E-009)  (-4.59381434547096127E-052,2.78412990634603688E-052) (-5.57529949006033864E-042,-1.27030041288485200E-041)  (-8.70040595733136555E-055,1.52257104253298886E-054)  (6.05214967998287113E-0
43,-1.11934553581546112E-042)  (2.78412990634603698E-053,-2.52311772762609600E-053)        (0.14500441618887283,2.24850008563920057E-018)
