     250.000000000    	    -2503.93008100    
     265.302000000    	    -2503.94166580    
     281.216000000    	    -2503.94929958    
     297.754000000    	    -2503.95362747    
     314.928000000    	    -2503.95513399    
     332.750000000    	    -2503.95436183    
     351.232000000    	    -2503.95166758    
     370.386000000    	    -2503.94743418    
     390.224000000    	    -2503.94190837    
     410.758000000    	    -2503.93539579    
     432.000000000    	    -2503.92804966    
