     0.00000000000    	    -1270.57813430    
    0.558505360638E-01	    -1270.57816082    
    0.111701072128    	    -1270.57818027    
    0.167551608191    	    -1270.57829904    
    0.223402144255    	    -1270.57849428    
    0.279252680319    	    -1270.57868777    
    0.335103216383    	    -1270.57888266    
    0.390953752447    	    -1270.57914167    
    0.446804288511    	    -1270.57944851    
    0.502654824574    	    -1270.57968396    
    0.558505360638    	    -1270.57976899    
    0.614355896702    	    -1270.57977670    
    0.670206432766    	    -1270.57969384    
    0.726056968830    	    -1270.57953381    
    0.781907504893    	    -1270.57939773    
    0.837758040957    	    -1270.57932521    
    0.893608577021    	    -1270.57933866    
    0.949459113085    	    -1270.57935348    
